% This file has the data collected for 7 different stars
% It is stored in the matrix spectra
% Each column represents the intensty of light observed for each star

spectra = [0.3088	0.1340	0.0598	0.0892	0.1088	0.1625	0.0392
0.3136	0.1338	0.0607	0.0898	0.1084	0.1630	0.0382
0.3105	0.1347	0.0618	0.0915	0.1104	0.1615	0.0371
0.3076	0.1357	0.0625	0.0931	0.1124	0.1586	0.0378
0.3088	0.1354	0.0627	0.0936	0.1122	0.1574	0.0391
0.3105	0.1343	0.0622	0.0932	0.1136	0.1589	0.0396
0.3122	0.1335	0.0619	0.0929	0.1138	0.1611	0.0402
0.3101	0.1325	0.0620	0.0925	0.1130	0.1607	0.0399
0.3078	0.1335	0.0626	0.0924	0.1124	0.1593	0.0387
0.3047	0.1329	0.0625	0.0918	0.1108	0.1582	0.0379
0.3024	0.1313	0.0621	0.0896	0.1072	0.1582	0.0370
0.3039	0.1320	0.0622	0.0880	0.1076	0.1606	0.0368
0.3068	0.1339	0.0618	0.0875	0.1086	0.1612	0.0371
0.3074	0.1334	0.0601	0.0872	0.1079	0.1595	0.0374
0.3104	0.1313	0.0596	0.0877	0.1086	0.1575	0.0377
0.3126	0.1322	0.0609	0.0888	0.1099	0.1561	0.0381
0.3100	0.1340	0.0618	0.0899	0.1105	0.1588	0.0389
0.3098	0.1347	0.0623	0.0913	0.1127	0.1620	0.0397
0.3088	0.1349	0.0623	0.0927	0.1162	0.1615	0.0401
0.3045	0.1338	0.0622	0.0925	0.1153	0.1599	0.0399
0.3000	0.1318	0.0618	0.0920	0.1130	0.1602	0.0388
0.2986	0.1313	0.0615	0.0913	0.1115	0.1598	0.0374
0.3004	0.1318	0.0615	0.0911	0.1116	0.1587	0.0370
0.3044	0.1331	0.0614	0.0915	0.1106	0.1578	0.0377
0.3073	0.1337	0.0609	0.0916	0.1097	0.1573	0.0383
0.3066	0.1327	0.0608	0.0902	0.1085	0.1581	0.0382
0.3033	0.1321	0.0613	0.0892	0.1086	0.1613	0.0384
0.3044	0.1328	0.0619	0.0890	0.1101	0.1609	0.0382
0.3045	0.1330	0.0622	0.0894	0.1109	0.1602	0.0382
0.3049	0.1333	0.0622	0.0898	0.1104	0.1607	0.0382
0.3058	0.1331	0.0618	0.0900	0.1097	0.1615	0.0380
0.3021	0.1321	0.0613	0.0907	0.1097	0.1601	0.0384
0.2940	0.1307	0.0603	0.0911	0.1096	0.1595	0.0380
0.2837	0.1317	0.0600	0.0905	0.1095	0.1592	0.0378
0.2811	0.1320	0.0602	0.0903	0.1111	0.1595	0.0379
0.2869	0.1316	0.0608	0.0899	0.1092	0.1601	0.0379
0.2929	0.1317	0.0611	0.0905	0.1101	0.1599	0.0376
0.3022	0.1322	0.0608	0.0909	0.1107	0.1596	0.0369
0.3046	0.1309	0.0614	0.0906	0.1109	0.1607	0.0370
0.3027	0.1302	0.0614	0.0900	0.1104	0.1590	0.0375
0.3007	0.1308	0.0610	0.0896	0.1114	0.1556	0.0376
0.3033	0.1320	0.0614	0.0899	0.1110	0.1561	0.0375
0.3066	0.1328	0.0615	0.0894	0.1101	0.1594	0.0376
0.3070	0.1335	0.0616	0.0888	0.1096	0.1598	0.0376
0.3038	0.1334	0.0616	0.0887	0.1100	0.1586	0.0376
0.3002	0.1318	0.0613	0.0887	0.1112	0.1591	0.0380
0.2984	0.1302	0.0607	0.0879	0.1111	0.1601	0.0380
0.3041	0.1293	0.0601	0.0874	0.1120	0.1609	0.0372
0.3045	0.1294	0.0604	0.0879	0.1131	0.1610	0.0368
0.2955	0.1297	0.0602	0.0877	0.1115	0.1596	0.0380
0.2857	0.1301	0.0597	0.0865	0.1094	0.1580	0.0395
0.2824	0.1313	0.0600	0.0865	0.1095	0.1577	0.0396
0.2886	0.1322	0.0608	0.0879	0.1113	0.1576	0.0389
0.2949	0.1318	0.0610	0.0889	0.1126	0.1570	0.0384
0.2982	0.1314	0.0606	0.0894	0.1140	0.1570	0.0381
0.3012	0.1309	0.0604	0.0894	0.1150	0.1576	0.0374
0.2985	0.1292	0.0602	0.0887	0.1131	0.1560	0.0368
0.2899	0.1283	0.0596	0.0875	0.1102	0.1543	0.0367
0.2863	0.1295	0.0595	0.0869	0.1095	0.1554	0.0373
0.2886	0.1320	0.0606	0.0874	0.1081	0.1576	0.0377
0.2907	0.1330	0.0616	0.0875	0.1080	0.1579	0.0368
0.2941	0.1313	0.0615	0.0871	0.1086	0.1575	0.0366
0.2936	0.1292	0.0612	0.0869	0.1094	0.1556	0.0372
0.2921	0.1288	0.0611	0.0875	0.1093	0.1550	0.0375
0.2936	0.1300	0.0611	0.0878	0.1103	0.1572	0.0375
0.2979	0.1301	0.0607	0.0866	0.1093	0.1577	0.0377
0.2962	0.1273	0.0599	0.0857	0.1067	0.1567	0.0369
0.2921	0.1264	0.0592	0.0862	0.1060	0.1566	0.0358
0.2895	0.1269	0.0590	0.0877	0.1083	0.1563	0.0357
0.2943	0.1270	0.0593	0.0893	0.1077	0.1546	0.0367
0.3004	0.1272	0.0594	0.0897	0.1079	0.1536	0.0374
0.3013	0.1307	0.0596	0.0877	0.1076	0.1554	0.0378
0.2973	0.1314	0.0598	0.0855	0.1062	0.1566	0.0380
0.2943	0.1316	0.0600	0.0856	0.1045	0.1548	0.0383
0.2934	0.1323	0.0595	0.0872	0.1054	0.1526	0.0382
0.2979	0.1326	0.0589	0.0870	0.1059	0.1541	0.0372
0.3000	0.1297	0.0588	0.0861	0.1055	0.1590	0.0368
0.2977	0.1275	0.0594	0.0852	0.1068	0.1595	0.0381
0.2946	0.1272	0.0592	0.0853	0.1088	0.1582	0.0387
0.2937	0.1285	0.0586	0.0858	0.1092	0.1584	0.0379
0.2928	0.1304	0.0584	0.0867	0.1094	0.1578	0.0370
0.2908	0.1292	0.0581	0.0860	0.1088	0.1560	0.0366
0.2848	0.1280	0.0582	0.0845	0.1066	0.1554	0.0363
0.2791	0.1266	0.0581	0.0843	0.1052	0.1554	0.0367
0.2809	0.1252	0.0580	0.0859	0.1067	0.1547	0.0379
0.2923	0.1249	0.0578	0.0858	0.1076	0.1546	0.0381
0.2988	0.1267	0.0584	0.0854	0.1061	0.1554	0.0371
0.2993	0.1282	0.0584	0.0861	0.1069	0.1568	0.0365
0.2988	0.1284	0.0582	0.0871	0.1095	0.1567	0.0368
0.2970	0.1290	0.0583	0.0872	0.1107	0.1543	0.0371
0.2929	0.1297	0.0583	0.0875	0.1105	0.1538	0.0377
0.2876	0.1306	0.0581	0.0875	0.1086	0.1548	0.0385
0.2886	0.1290	0.0577	0.0872	0.1076	0.1552	0.0390
0.2906	0.1279	0.0577	0.0868	0.1073	0.1559	0.0383
0.2877	0.1295	0.0580	0.0867	0.1071	0.1548	0.0379
0.2867	0.1300	0.0585	0.0875	0.1094	0.1544	0.0373
0.2868	0.1294	0.0591	0.0881	0.1102	0.1554	0.0367
0.2886	0.1284	0.0595	0.0877	0.1101	0.1558	0.0368
0.2937	0.1272	0.0594	0.0867	0.1092	0.1554	0.0375
0.2960	0.1280	0.0587	0.0863	0.1059	0.1552	0.0381
0.2940	0.1289	0.0589	0.0862	0.1069	0.1537	0.0382
0.2919	0.1283	0.0599	0.0868	0.1091	0.1527	0.0376
0.2915	0.1280	0.0604	0.0878	0.1100	0.1541	0.0370
0.2887	0.1291	0.0605	0.0881	0.1111	0.1561	0.0372
0.2856	0.1268	0.0597	0.0877	0.1114	0.1554	0.0378
0.2823	0.1259	0.0586	0.0871	0.1093	0.1540	0.0379
0.2822	0.1265	0.0587	0.0859	0.1082	0.1530	0.0373
0.2851	0.1288	0.0599	0.0853	0.1071	0.1530	0.0367
0.2863	0.1298	0.0596	0.0862	0.1081	0.1549	0.0364
0.2848	0.1279	0.0594	0.0868	0.1093	0.1563	0.0376
0.2835	0.1256	0.0582	0.0860	0.1071	0.1554	0.0382
0.2821	0.1247	0.0566	0.0849	0.1046	0.1546	0.0372
0.2825	0.1259	0.0557	0.0852	0.1038	0.1542	0.0362
0.2852	0.1273	0.0571	0.0867	0.1060	0.1520	0.0360
0.2884	0.1270	0.0573	0.0874	0.1080	0.1517	0.0361
0.2906	0.1257	0.0565	0.0858	0.1062	0.1532	0.0360
0.2904	0.1250	0.0559	0.0843	0.1045	0.1525	0.0359
0.2870	0.1247	0.0577	0.0850	0.1047	0.1496	0.0362
0.2862	0.1270	0.0583	0.0867	0.1067	0.1497	0.0375
0.2865	0.1277	0.0587	0.0877	0.1100	0.1533	0.0381
0.2878	0.1274	0.0588	0.0875	0.1105	0.1572	0.0376
0.2885	0.1269	0.0581	0.0863	0.1088	0.1588	0.0374
0.2925	0.1272	0.0575	0.0859	0.1076	0.1569	0.0371
0.2921	0.1275	0.0574	0.0856	0.1070	0.1544	0.0370
0.2872	0.1266	0.0574	0.0860	0.1062	0.1533	0.0372
0.2839	0.1262	0.0577	0.0869	0.1061	0.1528	0.0371
0.2886	0.1264	0.0588	0.0887	0.1086	0.1530	0.0366
0.2898	0.1258	0.0589	0.0886	0.1089	0.1536	0.0362
0.2864	0.1280	0.0580	0.0882	0.1088	0.1536	0.0371
0.2839	0.1289	0.0576	0.0867	0.1105	0.1527	0.0387
0.2807	0.1268	0.0577	0.0867	0.1076	0.1515	0.0385
0.2782	0.1251	0.0578	0.0876	0.1068	0.1500	0.0373
0.2774	0.1245	0.0579	0.0883	0.1074	0.1491	0.0365
0.2812	0.1243	0.0577	0.0883	0.1084	0.1503	0.0361
0.2882	0.1228	0.0571	0.0881	0.1106	0.1538	0.0356
0.2879	0.1202	0.0563	0.0861	0.1089	0.1550	0.0349
0.2806	0.1179	0.0551	0.0850	0.1058	0.1535	0.0346
0.2762	0.1160	0.0542	0.0847	0.1038	0.1523	0.0352
0.2770	0.1162	0.0539	0.0835	0.1008	0.1522	0.0357
0.2798	0.1195	0.0546	0.0818	0.1003	0.1492	0.0361
0.2830	0.1220	0.0561	0.0817	0.1008	0.1484	0.0363
0.2857	0.1236	0.0578	0.0834	0.1028	0.1489	0.0366
0.2890	0.1248	0.0584	0.0854	0.1054	0.1474	0.0369
0.2913	0.1260	0.0581	0.0861	0.1064	0.1492	0.0360
0.2897	0.1267	0.0585	0.0872	0.1076	0.1513	0.0368
0.2880	0.1267	0.0587	0.0881	0.1087	0.1531	0.0379
0.2859	0.1266	0.0583	0.0885	0.1092	0.1523	0.0376
0.2816	0.1274	0.0583	0.0889	0.1096	0.1485	0.0369
0.2861	0.1269	0.0587	0.0893	0.1113	0.1496	0.0367
0.2875	0.1257	0.0588	0.0889	0.1104	0.1528	0.0370
0.2844	0.1249	0.0583	0.0879	0.1099	0.1537	0.0376
0.2821	0.1243	0.0583	0.0869	0.1109	0.1526	0.0380
0.2804	0.1233	0.0575	0.0861	0.1115	0.1521	0.0378
0.2779	0.1224	0.0568	0.0851	0.1091	0.1521	0.0373
0.2782	0.1232	0.0568	0.0844	0.1067	0.1516	0.0367
0.2848	0.1248	0.0576	0.0850	0.1069	0.1510	0.0365
0.2912	0.1261	0.0580	0.0862	0.1092	0.1502	0.0366
0.2886	0.1269	0.0581	0.0872	0.1104	0.1491	0.0364
0.2853	0.1268	0.0579	0.0879	0.1095	0.1490	0.0360
